3529944750
238137022
2171136101
2561651241
2545070311
3387822261
755660258
860347473
2378366296
1169175791
646155199
1692974713
3414680597
346417905
2141382533
639218715
1172085787
1033773353
3411524377
3273168908
797659430
3152032951
1040354098
1214481957
4155714637
3321066342
700168596
200861736
1003341764
1398718564
3863011742
3342212303
2750089931
1055947013
1809212771
2840293942
1341673838
1353363798
3707602317
1749309420
3072218346
2275162045
3671680742
4082019399
2666925216
1823754287
1321071087
2819821790
3296056501
728222644
2767136952
2737658539
1108679195
1578378547
2365175522
58125878
498023456
937174017
1457943192
1270204619
297263746
3606222849
867007984
2643423778


2929826288
3855504105
4056732134
1320351206
1884850654
3268662783
3956289145
2621637305
279255103
116370093
2701209478
1811108239
3286394694
595212694
2875611901
2897910397
1819838254
374829005
234483131
2220177567
435636204
2553825609
549139122
2096172035
381585486
3900701946
1649819029
3806759639
217561512
3074684631
1197201117
2620593981
3427887119
209161889
975510115
3636203390
1311602495
198275116
2217043647
3550084251
2233246027
1397288552
2561467611
3837974267
2353423556
618881033
1232871525
180524420
2261436698
1666137105
448768724
383782205
1386370133
2254553307
293011127
993309572
524821457
4243316568
396762248
887956715
3149282390
2716717902
2207517534
2025123775


1978423504
3956411562
3248625134
4043032633
1643372800
3118553261
269264510
2455066606
2257951162
1799584660
697739772
330018824
3009343361
600336747
1304067850
1582525011
2416891503
2062167395
1733449704
2724570082
1567741266
1460123187
161373202
2335885419
4137374565
3033549588
1313493800
584723320
2480009061
2580011872
4169131833
631825692
3877346236
3883859789
4028690154
3723268934
599972374
133490364
272718108
3124333937
3953067893
1863444860
3406840539
3700817912
1094377690
4046782948
95753599
1081210849
1534679315
1664406673
1415293917
2144839756
243893039
1019978677
3515191198
3860107449
2330968406
2011981737
1923272004
552145792
1235253387
3252736280
1620321865
1595172117


2081515013
2855283087
2718166669
3697204238
2944492353
335113591
820410260
8095694
222178023
2928519052
1483427137
755591866
863186795
3007777934
1914224297
1089148181
2303515371
1464680654
1945549202
1808734298
108731358
2989571161
547987090
3514764619
3564032230
238039826
964634634
1583749307
4067814688
2022483998
603899467
3790293952
3136657540
4080897596
4005131636
658252720
2362759128
1922112396
1781642713
2673180308
2889606219
946035345
2681370338
2176076111
742863972
1575563542
2807487938
1898871672
4138280929
1603943372
2147287273
1631851862
3708943705
2943706792
2365320359
447505473
3267843520
785057224
2966801036
324999775
1748546319
1442993046
337052803
1973307897


771102204
2361475560
3992854190
3579359707
1190932048
3164783686
68242690
339143590
307132277
935999850
1834056902
1368441358
1042637620
3865739625
1819456323
1859216945
467032944
1643763138
3947934310
1865393330
2622218618
3964104793
361074785
2130366954
3379670668
1051990937
3620096510
4158432500
4279804570
800087723
361947229
4270018853
1753395979
4263250494
1991948371
4185561733
3180984303
3153853932
1863290742
3824795069
3795939343
2816324800
3980567260
2789233503
4223374695
2299755777
271788266
1889317123
3364065244
1690157815
2326432355
3628517795
2400485571
1717507133
1593491325
640854550
755811862
1131018268
1220531266
3893430516
1676184127
2645391336
2241704243
2377381783


1477341155
1312112289
788294871
479451463
3409291684
231604760
954239949
1023440050
740276063
3254961004
3301579123
4083089543
4242175789
2182019475
3030948029
480991956
1194925718
4130616303
170450370
2411241860
1467511786
2689012011
1324466130
2326552752
4180718319
3085366659
658238464
2935156801
2436331065
3270085098
1279574017
3075095906
410397836
2261894868
924660897
1070886962
1860947754
488744086
3941865992
3020463336
202115120
3714912308
3130322270
3173129550
461939706
3246343269
4136330852
4125907562
2121154417
1288132876
2271945925
4164231006
944377123
1215788290
1961043213
2631605109
4108806699
312449046
3053104008
3761071568
2961835440
2256233928
3083111948
2075599734


2449035709
861035688
3792135461
935225153
1219932700
1844537810
527183177
2580418403
3279210495
1676919476
32260634
3300232687
4224523189
2127050453
3392897494
3761827904
2866374563
612450993
2851046335
2824297025
1585875057
2953406161
2495047128
1582324386
3308643760
1081297776
1597348526
3871517903
1938244094
1499209709
859475202
30590208
2847310943
719994322
761536154
2482450741
1290049685
992124600
3651462575
2407207807
2299432245
4108218618
3972147242
891845412
1559160008
466704563
218243160
1128684189
2710362548
2403953383
1173917980
1816803548
1414640118
3229810540
561865352
642748122
1946903883
548250117
2580676850
2751592215
1243530746
2466231936
3092653135
2709934322


1601825880
1427173203
1464261918
4033977943
4168174997
634452110
271039065
2011373431
2960800843
3517319069
3201041365
3205206958
3384614251
4073496788
1875596446
1431575777
3189392463
3919143119
1452377329
4248476851
659787378
529580430
455797784
1070104366
1067872322
4239157053
3560778817
2836540832
768091694
3142991009
2039094572
1909305332
1380643753
3510590031
1449891184
199019307
1278236437
484435593
2430824970
1554736715
3632769325
3404821078
786419986
443643652
3535840775
3545984259
3611679393
119248013
1253574519
3427174451
451605060
2351273812
166264586
1528433470
4203996522
3673820631
1047418170
1594665374
572204884
1998289900
2298160022
290607290
1090234462
3930973036


3543909966
1894011121
3162720267
3763404292
1092061747
356928062
3959578672
3708314283
2191211967
2351968866
2469579508
2805409822
3213276637
3095410919
192098584
747514110
3274083153
1248726949
1226658777
3396832177
1775260079
2499717872
2700595909
185210660
600070850
3539708968
526669233
1510158690
3551993807
3146579671
1598463470
803051981
873604942
3915563089
3790775354
627740702
1545920243
895800047
337410912
2157212867
3631686924
537062358
2496068313
1617174862
1127194838
2228731448
3583983376
3738039805
3860622690
3916159702
3187886693
1939835463
4053999501
1980155549
2490037634
2997489827
2110197484
2551050601
941668038
588498129
2925646319
351895595
820983505
3687778668


1717991191
1738242671
431956620
2883133788
971401462
3624024455
4221364004
1616611951
643775090
3187351683
549322883
837727303
2628913736
1007124715
3884314781
857046806
4206900341
2458205059
3887299753
166224801
3148157292
82938952
3301753343
2122086045
2232529016
3467730884
3372662366
3090491050
310599418
2420481927
1243988956
2269940496
1797828096
3079767230
1439905902
1915263254
2532431615
2637075787
4219997160
3489626332
1398122996
2294711799
3998180347
505146861
518356247
209375830
1871021965
3463877052
319009070
986622442
41019075
3787894365
3543651165
2774136876
4245173994
674828904
642760210
3676728457
2261172488
3741427058
2426614941
232606581
4106862712
1871632818


3883336259
1185429460
705864351
2842810231
1274257794
2426813848
699668782
3474444426
830538755
216225252
428328484
3126798366
3485615098
321884272
3143489870
3791568834
304327137
867924928
1350954750
3456766110
2488339964
2636711551
1088468650
2823135103
2373636166
583671030
2603767427
2480532985
564693062
1224543592
3690618365
1207902921
2821443691
132431322
387781
1616454831
4214418997
1772543994
3684766172
925556295
1861805757
949827829
3821587057
1177290395
3102656262
1230214811
1379255783
2390080176
2786959602
52636219
859952421
3108487868
960997938
3612079937
2956807226
3365795165
1269227490
552670573
425138641
822514963
779398447
823193990
3641124310
934165106


2549219551
1524960833
2497539030
871593329
1563133930
2551067350
2881087547
4286597305
3124955731
1341346577
145931731
1046780466
1515410037
485180065
3802431286
3272844369
3610903499
1095281457
2689813114
2097341960
3179227467
4152463335
244088894
3996748509
1402160204
2882303740
3551119760
1200782169
2964367116
942957958
3274423455
280605383
56589397
3246553082
3087851961
4058526472
2427579558
3472245514
1120351271
4138223486
4196424514
411413689
7788323
1070896774
192070268
3167979056
1592727204
1614479744
1783712829
1993030784
638245907
3519114784
2239715628
3323267201
614380643
1578610383
3691703811
2371859532
1945052988
1579951883
2376855860
380966177
3858082543
2920910057


729253195
1557151298
3135859119
3032728060
2766869072
2547659398
1444496833
2989807069
2709740467
106196109
3419083097
39154198
2059336103
608473338
2628752463
1460478335
548407083
2815294884
1070033819
493201098
2273708632
3416282592
780349874
3253728316
3904655655
194485465
1119183276
2581784462
2934624061
2654286888
2965303987
3651180908
3758457399
488144029
71560108
3806839883
2211493826
2365077805
2378968282
175102172
3218926222
3749776933
1134648342
3732992711
745983877
2272821018
2578022716
2904772074
1466936060
3277234017
603079149
156809835
2689421657
994930071
1964767859
3635218054
2293127299
2310057521
3106449965
4058305400
22724455
3166315340
3317714991
1771347597


3623049575
1037018986
2986240152
2366661271
1572636259
715903602
4096166736
1922572900
2198354983
3365384362
4127867853
3796550062
1936441459
1860101595
4093429633
3458237957
2028771235
674732362
4278995338
3425054016
4270583195
1928726344
2202635073
1724456785
2119793147
1605399958
256393973
2205392260
3798568776
931668660
272978685
3591875210
4179305018
1773532354
683527191
3008537696
330055333
3226321512
318878472
1696174557
4041676657
1075726967
3158732380
3492751681
865380373
3020631980
1243034872
2465274136
2580957593
3321869065
1722854101
1928811334
3145096330
50469787
3158116097
3842234860
380966738
2839559567
1467618818
1409796025
1242183383
1321846535
3132335664
1995273631


1802472042
736929491
3958388179
1834516070
1106346397
1688485044
1025061419
846511507
3530764019
57764775
3115244144
1290064588
3704758845
4135229414
2140076827
1964893522
977479444
170717060
1953065268
1036615760
1657417606
3932279523
2440424872
2074287087
3827829917
2173647456
1552699070
2517772756
2714763514
2313947763
3205226274
2407277981
4284589070
2508403903
1139540260
1784987893
2543179220
1122992963
3632025773
610614255
462310910
2728263353
876303088
171602122
2004268899
3305839555
1824034811
1779870867
1148616016
385560471
2897067762
2613431600
1656196618
1381983495
1052381330
4119765072
1888708445
1920395729
2187756046
961748159
1354910128
3162754999
3438049302
1069853706


449482365
1586436492
1268729094
3131168791
2005412180
3730035009
4132849856
1259678750
3171390243
3973082253
3236447855
352400787
3076828235
3380607966
2880260879
3720960260
1765760221
2512609688
3122857599
2889623743
1074206274
800919841
3192535862
1202726056
1417983256
3810073324
1929676175
4106340720
2397635133
1945716649
756537915
720114393
4293701076
3416598638
3385914090
1927684460
1968604803
2508129384
1290333169
2190054491
1966128830
1292946120
3996542469
71758010
734041622
2457307834
1047566268
237915293
815751491
1374986953
1562194606
1257802419
2076823886
17342228
184631723
1902645511
3201429549
2206848781
796368371
4248135670
3815024735
1024821276
2049856870
3808356145


3002271584
3865476762
3108908088
3417972264
3906324205
3431282074
182920946
1693894109
3771229797
85110382
3509577601
1367454171
1095297613
2236708945
2061591720
3831865963
3414517848
3432326204
3537224947
3121119672
371635371
2782803434
4154682182
3342123
2762420709
900451451
2964218254
1971041885
3507070665
1934064613
694835534
3548182014
1981206732
1179563626
3289805422
2612583937
984993985
496924232
2591911378
1369260743
2208217074
4185342706
1774916057
259120998
2437008122
3200338481
955991859
4233285289
2794912781
4151419521
1940395389
3360429110
3592994435
3944907783
1558242186
1922531748
2148719733
1652740744
1597561378
3903204963
3968578086
2585484504
2338381824
2887239962


3975122299
508413246
3651180837
3142846476
1709605318
3974838999
1358499722
286155250
348362776
425010095
2119889867
3034246767
2451554518
858193027
607975205
2892313494
707266435
1605842201
1544578421
1442439206
4218247881
557241388
1475190390
1129183723
4124538270
2631692320
137602536
3336003818
643631962
2527861272
1909331933
3486289449
500667568
1316425586
974646859
3262955108
2600927607
453982752
2913131740
1155827276
4267379164
2555281147
3685932993
2096507723
4244893786
1040823574
562270073
4236999270
33628051
2818145250
184620566
725015441
2901987511
1708793068
1525491914
3365801261
1751347829
3641242884
2214092029
3098658477
1035634567
869676026
1416209654
4099199580


295824997
2847667551
2531996746
774508241
426532952
2572701513
1375630678
2859752645
2464238840
1278834251
4285566281
2300321642
2528432777
2880724781
1587182131
3150157628
3722080728
3923429147
361133520
1820733254
1220292357
4275305748
1327270729
738921425
951919337
3129209097
3135514808
1988995834
2201243027
3697781200
2226118982
2778693925
2395903448
471186864
3012933551
176768588
3232244296
1339734099
4204439420
3347475124
1060928014
1021273998
2945853201
3486092859
504242817
1460605836
3941213232
2497040411
766594246
1940597675
1978901255
922618811
1837630256
1267065425
1847760508
3571418974
1706799899
3513009318
332404717
3352091044
4190937357
797892627
3680515799
2722750692


1004137793
2897693941
2646269377
3807158240
2529907602
1425304171
1042040714
637233380
3116561603
321526085
3775872072
3667492295
2592503621
3582179707
4170176484
1005194863
2610606439
3859337485
1482094228
31391299
1884335435
3598824339
2227194175
9653855
4114817436
913266647
4077950644
2398753056
3233311844
2847261812
3566143734
3032448631
2838869597
980830009
2125982238
2713268995
942277194
1878044676
673633199
877880648
2602576278
1828735864
290299109
3370306359
1120298198
970239646
364336382
1572222062
540047481
345113028
1656563964
3383691487
2709528215
1210513147
316497011
4227907739
1618774540
1259194466
13107781
3416820011
1297957898
3895959893
1137559486
2376376926


3241003628
1579171802
2376789642
3695029752
2824663141
3824216544
2024903085
1076138439
2468766939
3775940234
1868057479
1091472376
3740461319
337884012
3191189070
1121661081
1109702813
684377917
4152133881
4258363848
1138021267
1511890838
3897751796
425560162
65113751
2264130068
4271923459
2680502903
2407290809
4212274135
1627024848
2159819750
4090228061
424198265
1373198556
1654721469
666807665
2951441142
2557306068
94485279
2595973671
75979704
3408179952
1521537435
1869142456
2252406585
3416457788
3792472733
1610461252
107521771
2331330694
4265330451
826153483
656516354
3510269219
3755180621
77637506
3982995457
1509940656
2774511046
239280581
1451636031
1583691596
142270463


3700203846
3040118342
172639760
57049179
2685578406
2442293347
3028756427
2423681062
3822070696
2207213611
1886067874
3947399013
4028315027
3438331867
146965081
1964976614
4144876927
4062114545
2263401355
3253175216
1348842773
151682629
2043532735
3405265781
1798254370
729000915
753704349
1394569666
3721832462
2183684306
3435241759
3668444383
1626077946
3625043421
497485395
2359645182
251745767
1476183503
677669849
3538259819
1867285615
3599275332
432381200
1346887803
602136894
3312000469
62918297
479207946
1984601877
105736948
1183490914
1413763627
1601964660
3102482032
487586509
694626377
3266541062
2565345201
227197320
2208223584
1297098580
3546204864
1021139008
3343860359


737000385
838154323
186611913
2377168
2273409968
3268252575
2097933454
2153861963
141409607
635790817
3698951200
4077755588
515130685
4087625671
4134793051
1523403635
2075161566
111521730
4053383398
4231320885
2382558224
2782432439
283735744
1702382750
676802817
1000508520
3031036129
199686876
3963890005
3134608482
750940038
2766554679
3254390071
845280216
320526221
2705650291
3757971898
3058260394
4094833562
2837154087
723598784
946834297
323518400
2375913799
3786558145
913502667
1842550147
2720137846
12321194
4135540151
2440207659
213754291
3770959257
1457318623
2726680999
3169604337
851468823
3090429667
3153473950
918306769
1665768008
3876338121
2730625727
3184992668


387494911
1848734698
3560648073
1752730119
1467994192
2854580355
3545321414
4116609560
101997384
3313935847
1312022258
2898335654
1968801476
4106210362
3371480291
3134236207
3944417879
722030586
1806179383
392237137
1645426280
83473730
305160159
1632091195
4147242991
2663849002
428728262
789026507
2686639708
2514063071
2164518193
1038234755
2141903691
3190840007
1624070797
3164403532
3490207643
2614605905
1376452635
2074615880
1895998601
1232984034
1625659986
1806192877
3727271438
3353249932
2654881312
1698753705
3134036515
2603044188
1205171811
3771201367
358022549
1788463152
3966279051
3910471483
4002776344
52002373
782488020
2673577116
1812085265
1531683261
1606524838
3572748223


3555287471
2689398217
2366969846
4137776372
4204413975
20067135
1951957301
2933183938
2704489429
2520395173
2581006589
1035477132
3931579798
4284972736
299604560
2137894855
643360832
3305223192
679933099
65670119
671113807
437968544
1215946581
3502192495
2996702679
1140546938
251394398
943379452
4157733448
1305607404
663428113
311158364
1564779828
1180526783
1197738785
1331378732
212591849
2400897475
2635526674
2179415075
2117807417
958711325
3550750735
1161921219
3205497507
1672814275
1683045320
1461665962
3463130509
3724740664
1998033896
2174157971
3046763867
4220014862
3561768352
3641394835
3717546053
4055902798
845977548
1364680134
3191590959
3368873165
3185182304
1020855060


2093802117
710951559
2227762670
9744101
298465528
1411566719
1998746266
1466321829
971686965
449383042
4107401083
3208026914
3097281104
872713682
2431209686
573781575
1411093093
804126842
3969940691
510863481
2716206336
731444709
440452659
3016058673
1913608216
2667417672
2754863010
4201719640
73476639
3290277040
4152080112
883195671
1614504175
2052214890
2379688413
2732388517
272249747
1416356410
1243893139
2506671808
309962446
2386116335
1977249172
2321988203
2799636244
2193302399
3709214355
2037461659
1656454600
3471971592
935914787
1666628797
141275747
371442489
1676312373
3223853159
1364941942
1834432991
422169952
1425959062
3534375818
3766316745
3471458034
254497614


3211087620
1910637760
2778907719
3575217636
4126455612
667388107
4088686574
493276824
748696092
1180970284
4285870430
2089553158
2451238816
3493957689
4197265169
2401698110
2551339370
782649246
1140702298
2444785547
1157035245
3716774550
4110725935
194100582
3728107868
708323169
2112122654
3502248844
3367411711
483137312
1237461679
584165160
3442319173
447674425
1025720868
3215589920
1985611473
2738456715
1804368635
1754459500
2114845683
939771705
2866450640
1342208775
1669666977
2075673191
1376183604
1723897751
1229700004
756808462
2374336008
1903713963
813757457
3128327893
2716004521
3010602330
3146726140
4201741145
873563375
3725905411
3084811514
959303636
1443278148
479073987


2299482973
2072890391
4111791029
2263240951
3704926551
3310367105
1496731064
2722999766
2354618331
3900385919
1074547403
1454307518
3899925653
1737276612
3423576097
1836456400
1489981766
1423835310
2106509906
970384807
3616671555
2600545982
695289670
3399974942
4129641826
3537290694
3551848139
1951295770
277310718
2014873696
2165801804
3908025963
4109268409
42824833
1279101480
499800538
1061713608
1517401115
635596259
384343075
1792485779
3759939070
2222160814
440280657
1321505966
2384889734
2151100352
2991199467
3145272455
301365568
1492265154
2577540547
3559329919
1749992563
1559179297
2573184712
1080552411
3954383827
807275758
394648448
2640473976
2426222931
225723963
968888839


2087653821
556490292
413846364
734328915
3963388829
2860668816
3903228591
3717467370
1056448625
293845022
701951746
2335269885
1491574938
3348294538
4100680121
1166590824
628863464
3721271352
349046586
3276186764
4114938509
1290944364
308894750
347187661
1644909811
2027640871
317223845
611579510
1851579457
537985055
985351101
714396366
4031974265
3879447933
697398837
563683315
1545512228
2955864975
255506014
1344439722
134932997
1435760788
1819321337
1283998105
1518606058
186061697
3399395830
1876857151
985469579
279210066
227912726
1842825882
2685745884
1391654900
1739645312
2632296834
3225099006
3737057472
1570305171
3586782696
2092928963
2740433602
180941477
2074519775


2576631638
125571177
1156245672
2078177752
3502039774
1111028721
46913419
1105052982
3263536330
1707423928
2538012470
3751734567
3795395326
3122082037
363085419
2849344016
2941533696
341829272
983374400
1943327276
1320846631
3291829068
1802172675
849251886
2513899327
2179742678
1175276926
315238879
2417534665
3889011861
1699206327
3979850492
3558476702
392949022
480015303
3091276026
880263513
3031825750
3087325953
1521818760
88058035
680102105
2136835870
3240944603
2219054407
3928102832
1848401634
3734653123
506843112
423091791
1956628224
1768342884
1597954007
535503040
1734560261
2097184007
1072891395
911149756
3946370449
2943342556
3155180971
3130812512
3524983722
1065874855


832509248
181142025
2937686113
2643845737
2128972834
149886599
94439927
3618206322
2573017380
2953031054
2525405199
74520483
3311698813
402275641
558670577
392045124
3056315060
928742216
488490153
3980553680
180906866
3553333286
1686261488
2537425347
1204815284
4251450840
4041321611
4207078915
3188915004
3523780029
3869812189
2483644898
519815548
3262278946
516560106
286032557
786804407
2027007280
1954556105
3676509423
621531664
2098689944
4017982491
1791629311
1830420823
3815931392
2441234189
390998479
2606932581
3562867243
380014717
2302812453
3755863868
3018265982
2941540276
593891812
3845260538
1626774839
1711867952
1088384954
443812651
1936392045
2989651993
1403887488


91425043
671660860
2288202347
2388420835
2254266890
3821862118
1574770175
3331541228
1051546748
2152904136
2751121221
4124469524
237687019
1984886395
2374121640
1880600810
1553580253
2134338974
936823312
3325374578
2773813056
3050018678
1192124144
2816390020
1445751796
1333333440
193038655
102101934
1728858316
1706597741
2742649744
3975537302
1186425435
1480011766
407306020
3352393177
943288276
2989137566
2202881199
803523578
930268046
4245393419
2515570352
2707648913
2121345992
914841078
2747491647
1934338926
2000989516
114832014
484877650
14395275
1370159931
3552623237
3282511335
4141588213
4214372388
750327366
3288048897
443667418
4269024953
839039671
2145936383
2948390402


4097831789
611847986
919291438
2108540937
2550636715
2079495126
546343467
2350719584
3280354872
556576325
687918164
624775106
2295196339
2412491469
649707196
1730702674
3840490142
370275074
2511825073
253538818
1412620880
1408333131
194617749
1718012899
2946256090
4077880922
769508934
2451760091
3997753450
3991287442
35532671
1611807682
1894782222
1779827953
2033684173
4001005454
1240658970
801787809
3860583312
1493827338
2511782425
3440409476
2615765405
2588426021
366708452
1504639431
806116159
2025593447
3935005574
153870828
2040541116
1948385513
2694831024
2932579017
998340644
414066014
1510901479
3673878362
958892173
3173685522
91909945
716437200
2409616664
4170546809


3256968110
3469893445
1454156101
2924988614
2021490962
127227988
254736321
1601460616
3283382668
2980099967
4135378254
2492192798
1208764377
110519781
3494070997
382364836
2133065226
2367812124
54341491
3413869143
2511603535
3845892730
1107428378
3953788072
3192455023
2108429205
4015504784
2125692652
2540061398
2775278749
4065537724
3788804052
897322328
2200219178
1178704127
18044416
444270997
3367318793
3874825009
1491617837
1351842988
2371072229
4170808519
1338510765
4173633799
4018769750
2855519166
262163637
637304874
4273121963
4218723680
3016870735
3161499550
1878581107
3769430937
1199036032
2353512691
716883658
3071575625
719077476
2596579095
2872558420
3014677632
2960703412


175459661
2247003172
225991702
1736791049
2388742124
1271564937
2739038668
3030239602
2676479612
3421132961
1786001299
4142815041
3535650260
4008867429
241331054
2461478040
953379574
1475911304
1309684622
2437319229
3864865719
1636830523
388976727
2198242424
2062015007
2192636308
2717272741
630045728
2742584984
1757709091
3278124891
3011480429
1293666453
2620835189
2622008508
2304126546
3083248630
3443647030
2330240768
2786779236
1070889804
1552192718
2310419252
1242725325
4180372320
2656754459
1505748739
1142152574
4047899976
3743232938
2935127805
3497221837
1288025412
4206860642
3913167356
846601978
3835571049
2515735588
2665738315
3419022553
1341728085
3923663174
4274871614
3561992336


1436131182
933391370
524493722
2157578378
1425811717
722975657
2771248920
705816178
3055544369
943838004
3260189055
4275958625
1674253868
3479355006
2319186312
1061709778
1660213996
2328362807
1339638337
2086936559
1842822483
3626294656
663348303
1537840469
1304453045
278731483
3799672782
2990838743
1700839840
2896776904
2831010192
789959143
1902691763
85694343
277688930
3731456174
2287683342
2200699768
2704875198
695979276
2041283259
2258460599
2906345964
1789597243
2650915697
2251878478
3371748178
1942216751
3787244351
45976018
1225408778
618545811
1973809635
2176122417
563799903
1326853483
1203439568
3422730764
2588377629
2045724124
3445460014
3309934313
1064377320
769261784


1934116342
800698921
2892793097
965777802
1091950753
2352537540
1517299772
3539608415
1074888077
2870977874
3663368889
3072783569
3224263836
2839287324
177612540
3016972174
2879665035
1262149269
389790157
2648413995
1635630813
1927811385
2326313147
3957910742
216674618
516822077
607493045
2274088635
4292302828
2783075693
2668642371
1922364674
3486925211
3363427006
1776467916
1466795340
3953102975
399402622
4089764006
2701137742
3443125030
4268944490
480799291
1491261117
2614731012
396335590
3553581965
876630845
2265606692
2245463709
359316690
542349607
2611328597
1033157626
3444031854
2507882368
3588921405
1508553941
3306654570
1268354859
3209917390
223008672
3284647243
3551675193


3791348191
3036138374
2531872211
359269361
288744166
2345291328
3603235945
1615324921
3508770897
1997264365
53882681
4132517441
1031748413
1578260945
359619921
2332609552
1777051
1046426258
3496321463
860710465
859836178
1651611667
1890528897
2376851300
4269645692
2739839903
2313291554
3888926976
226428073
4126963346
2107134581
349978055
1594020270
285041150
3110206084
2058212588
3796871244
3397838183
3321519100
1862137363
2235529294
2913620320
1874163302
623209542
271625342
487019962
1772106640
1371309747
2057253317
1617841173
3722271867
4112887389
1068681444
3435539680
2996465945
394497890
933832925
3303412805
990786785
1763740246
3580671879
1397077660
572058980
4225203493


2995664059
3344811027
1160867039
3118232826
3290129026
58488315
3058217515
3860156529
2982903707
271920411
3594767806
2579414490
3700272663
150747086
4269792207
2507482848
4294577803
2643669622
3306661672
3762326721
93251714
2219431549
895505896
3738586110
914612216
3801159467
2339566260
4227396559
1618079641
2191667852
4103534078
2914694997
3169406068
2676910518
2794426009
3551306468
1269169006
4292093123
680448267
2248760661
781285662
1261020790
486342786
144664006
2475982672
1214186188
231587162
3989700101
149898755
155266932
2242323618
379931737
1330981245
2956522709
3011672241
976259123
570604033
1084788804
3249906757
487590339
482414572
1535033277
623246639
945990703


1489788934
454970185
2045067673
1304855690
683517946
3773797517
2565737204
1203923918
2624256384
3155500746
3833419726
3060482427
1979924684
82814823
4002154696
2273794129
1633714330
831050525
3596592766
3943682136
3752478860
1019048617
2834070079
1258253858
160349574
1646911974
2104636934
1473950749
3016117835
2643481699
3178839852
1676643834
3205655849
4153813148
3513965930
2711416409
4200125235
3421837123
165490177
3734167243
4055888861
1427590731
2548711954
909579996
3579613174
1968122611
4091089485
2112631322
2949888870
554537902
3431518153
1299141879
747534045
1067081703
2625410325
2368726556
3154639155
1555043574
3079856657
3089401665
32592119
1127392379
3341993680
1211653888


2070441047
3152788
458805684
1940700676
2548796354
427950753
2259495263
3425844643
574610191
3015341603
2442155214
149044653
3245783652
2891135109
2300773344
104123477
3503659655
2762825562
1975876873
1343456508
2466567842
1399787310
1413753974
3688150860
1837510298
1495930189
231267753
3647741751
3004236748
3426162223
2919466059
4223842765
2835547229
1619932822
2131479872
1967824090
358624916
4185564145
2697108425
3034542745
3912665669
570086489
406747535
2815985406
535918362
1314175127
1098109158
3382786864
1074538434
1318482386
1242836488
1003938661
3234606428
1411468889
2742798168
4287382087
3110127052
1740680735
3585766136
3106113852
4287200964
2419705653
1422698231
3694240510


2685114491
3656873817
2836656636
3856384045
988678834
2759236926
1510869867
410374358
2095353200
4144005356
107711961
1829931128
4194368764
2551710689
2056705233
639689105
286344237
1708744177
2177758152
2584874949
1336635115
3632874211
919472768
4140732930
2614412077
1724877177
942159473
1178169439
944157896
2077188207
2288685314
287937746
439091386
2609087845
4177962765
763282927
1626188676
291871002
1546477446
928101803
4119868750
3833593093
3618986500
457577954
3911706690
3837343068
2522684682
3523658230
969059409
2901904198
650296535
3281428565
3742225114
3190735121
1399754879
3515523888
3449839089
2211015780
1459037821
3911613967
2155435595
1094943516
2463327243
1945845342


2097443957
2849945726
2046262223
2429718927
1618257762
1830315593
2277226845
982816016
1154700501
2577298499
3706738227
3919388865
1145786757
4264072533
130294768
2580602546
276491280
3721505611
1808724695
740805284
875646004
2261187344
1436867596
1248259267
1030064998
3298382236
2215072906
2318747128
3919722159
409630746
4055138016
2534546813
1779201070
4280729786
3747963072
3091460033
1456252982
3622619726
3081089057
1976301239
1860744391
2050329416
759999485
4026088162
3521237986
833195528
673766411
3974399436
2649311512
2943751910
3972273001
2907273215
2746218115
2122291690
3766002479
3657409824
3291000292
4218041951
2779267153
1424398100
2320932711
3898121712
3868508276
2113948983


2912092492
4177557090
1598022572
159627399
160556244
4068032881
2549367639
2872728410
2839972367
3678280410
2859480266
980077117
2137258990
2974491530
1487584982
1376497755
1436778940
615018309
1454492765
1699150199
3059940029
3801785174
2363638210
3784957536
2925119707
4127753452
2063743166
2419799298
3732582577
3731772374
3440041260
2497382682
3356065815
1703517721
3473391476
2258167520
2658009367
3015772077
107588124
1413169445
3378999705
3824869880
3025265764
1521172083
2961335133
2577066596
71194987
420095137
2569210896
4139640455
3098587028
2106241333
299262723
1189257390
680666878
139811370
1170313131
3436751606
790806421
3671058478
3721700821
682488717
573515935
1904755639


3567614023
408392704
609604796
2882575669
1817357508
1947584712
1702198451
1456282056
3712368510
2925354414
1527709240
3694311205
3840044995
3099888406
3889941960
3664092573
1535262170
195938147
467625667
74208260
318033319
4081867285
468607503
3450993537
3295444212
3498845342
1621547067
2532027829
2205134029
782601164
2060060501
558483543
3496007029
2448113544
2407646838
2657192249
753219721
461878462
1512444674
1680384181
1108729433
1295555207
589462939
798550327
1991279917
215734187
3989332950
1387451691
4077794058
1262470108
2871136871
2271085906
2338775831
960611290
3560835539
3761893482
2420363597
3042061519
3125811171
2144635800
3607467248
3341302467
2960979564
462591931


882493644
33573599
3874231778
3392915338
2089382281
1828674315
2408931271
2130592691
424472706
30731853
1514793558
1726799413
913928429
1330455243
2411765415
1159516579
3777768584
4289999261
2020415016
3405589249
1535484771
3941254772
4132992433
1071491295
493410616
1451863498
2278914998
843849278
3091792272
1958793177
974655307
261625119
815150278
633883152
1820841794
1889695458
4234905571
2887017303
3548911517
2920630416
2481399778
3955966551
723175029
3388367187
1470263463
90925476
423202225
1409265298
1829565359
1166878410
547934309
1035333408
673941301
3816829457
4093048452
3295483735
3080586336
3685213702
3772279551
1495910616
1211746798
968694353
1160425763
1594601393


3381408927
2935810091
2193771376
1962609600
1683304788
576824842
960111804
1402336455
3116197845
1084997396
1620128745
874907930
1009917989
2296563540
608663308
3501767701
2318395987
2632136141
1576725544
3767250763
3216951742
214560493
211373880
3137901626
1490450785
720092641
1826587114
2618387958
2196150646
3920927553
3401289379
2656800427
622380575
2263866629
4103606781
2164214384
1014853625
3930016558
83090096
231860720
2639540393
3614258633
3832417371
1115020320
2023109350
901151413
1117720556
3064881911
999095699
1596057271
2947490932
293586902
3790239814
2154525991
1486955365
1390308206
1579333816
3939804725
3259690888
2405149364
3099569200
3816001916
1628826384
4017311176


4042284980
1382651747
4135580765
3662319149
3609516955
1342392577
2851553509
2046746771
1881078937
1776112354
424181921
824669584
537009117
3539254168
3442630192
120511355
3869550036
239150734
2415361427
1671237916
3614594879
954238918
392305899
1627634944
1094741759
2074741232
3378072900
2778002442
1435612207
460176702
2351031301
896297225
1733626079
3684289683
3127418219
1321488978
1839071832
447933907
1556244744
1141331557
659510286
3212087910
2871475385
3822898487
1308890591
3536202516
463141918
3584068452
1309526490
3011457836
3773585969
2365616395
4175155699
392440069
349871199
298583614
57268091
997003962
2857766093
3538198633
2188627432
3650126226
933910108
1594512979


1410605067
3529044125
2595672905
2310743655
2716241056
3258573971
2525099256
2891247365
2148801113
2660951534
3594830334
338767679
1998507383
2926783146
3122877669
2057994619
2246791915
3024685558
3073390631
2305572632
2331386525
3557109011
329161499
3361221913
272017078
1460484171
2541422623
3720710055
3203070742
479856269
2677970658
1320831031
2226872959
668554721
3250145739
3233261380
1427804950
2955690362
541815439
1046472792
87251673
225044164
349501557
2422375735
1390638227
2269652323
1272416459
1846459835
3172413857
535961702
4052084905
1287886925
1253879409
41216615
2956332007
2622911349
1192129674
850115499
3740433599
2161247389
1619540465
880011066
1910802981
3254472848


1468659524
955824313
1634509969
1685910146
1587009171
3296964120
3867561274
2557816662
2608078548
3876893688
1255977715
1669146240
70581326
1595666659
2929926596
4218992103
2283256246
90930940
1814143022
380785396
2419192210
1271105065
413759741
520543151
4144673328
1418122217
1171654485
3561093800
3824617339
3102730620
449342538
2371784283
382863895
1114395276
2483735850
37985401
3665381677
2721348407
2604846680
403270043
746870381
3200076423
1001900785
1317063319
4230664639
2355939046
867067410
2728773255
2668700614
3480787938
1030156393
562855468
1670506466
1483472940
238089245
1903360151
3234135478
1743898487
1374130824
3333931336
2591884117
1555130707
3244936197
2599291546


